73963
73925
73908
73907
73887
73843
73842
73816
73815
73805
73789
73751
73744
73740
73733
73732
73704
73702
73693
73616
73593
73587
73586
73544
73534
73523
73518
73495
73486
73480
73479
73475
73467
73458
73435
73371
73367
73358
73357
73356
73347
73323
73321
73276
73240
73223
73200
73185
73177
73158
73153
73133
73107
72999
72998
72952
72948
72945
72941
72895
72877
72845
72841
72832
72831
72830
72821
72819
72754
72237
72235
72231
72228
72220
72207
72203
72199
72160
72158
72110
72100
72094
72091
72087
72086
72084
72079
72076
72075
72069
72068
72059
72050
72047
72043
72033
72005
71988
71986
71982
71980
71941
71939
71935
71917
71912
71900
71893
71867
71858
71856
71854
71850
71849
71844
71841
71839
71809
71797
71795
71793
71791
71787
71786
71773
71771
71769
71751
71721
71717
71714
71713
71712
71705
71704
71703
71586
71502
71455
71452
71444
71443
71348
71344
71339
71334
71328
71324
71318
71317
71307
71304
71293
71289
71271
71270
71257
71253
71251
71248
71232
71229
71215
71214
71213
71212
71211
71199
71190
71172
71170
71165
71148
71135
71132
71128
71124
71120
71115
71111
71101
71084
71083
71078
71077
71074
71070
71065
71062
71053
71035
71021
71015
71010
71007
70992
70988
70980
70971
70970
70953
70949
70948
70947
70946
70945
70938
70935
70930
70929
70927
70923
70915
70909
70903
70902
70899
70894
70889
70881
70876
70875
70871
70868
70856
70851
70844
70841
70836
70833
70825
70815
70813
70805
70804
70797
70796
70795
70787
70785
70778
70775
70751
70640
70632
70627
70626
70602
70592
70580
70577
70537
70535
70534
70509
70508
70507
70486
70411
70395
70350
70342
70341
70339
70337
70336
70329
70326
70325
70320
70314
70295
70289
70272
70270
70253
70241
70223
70218
70213
70192
70187
70186
70166
70145
70141
70112
70110
70109
70096
70085
70082
70078
70076
70030
69985
69968
69926
69925
69922
69918
69914
69856
69851
69850
69847
69824
69817
69815
69811
69808
69800
69790
69787
69785
69783
69782
69767
69764
69757
69756
69753
69746
69703
69702
69700
69693
69686
69673
69672
69671
69670
69665
69664
69659
69657
69652
69651
69649
69648
69647
69646
69644
69626
69615
69608
69599
69598
69596
69594
69590
69587
69575
69564
69558
69554
69553
69545
69542
69535
69530
69527
69523
69522
69520
69515
69514
69511
69505
69504
69488
69483
69478
69475
69460
69458
69449
69445
69418
69417
69416
69415
69412
69409
69408
69400
69396
69394
69384
69383
69377
69376
69374
69368
69367
69365
69358
69350
69349
69335
69325
69324
69322
69319
69296
69295
69293
69291
69280
69276
69272
69270
69268
69262
69260
69259
69237
69236
69233
69224
69223
69215
69205
69204
69198
69188
69184
69175
69143
69137
69136
69135
69128
69126
69114
69113
69110
69107
69099
69085
69076
69071
69067
69064
69060
69053
69035
69034
69029
69026
69021
69010
69008
68990
68977
68974
68972
68959
68954
68919
68915
68911
68906
68896
68892
68876
68873
68803
68800
68794
68793
68792
68785
68784
68783
68779
68778
68777
68765
68761
68760
68757
68745
68744
68738
68734
68704
68703
68691
68672
68661
68651
68648
68647
68646
68624
68614
68613
68608
68604
68601
68581
68580
68574
68572
68571
68570
68562
68561
68546
68542
68538
68518
68498
68486
68485
68483
68481
68477
68459
68456
68455
68454
68452
68448
68443
68428
68420
68412
68395
68387
68380
68309
68302
68252
68248
68219
68218
68217
68207
68201
68200
68193
68191
68190
68184
68180
68172
68171
68169
68168
68167
68163
68162
68161
68154
68140
68135
68126
68125
68110
68098
68095
68094
68091
68082
68076
68075
68072
68068
68062
68061
68058
68056
67977
67975
67974
67956
67950
67946
67928
67923
67911
67870
67791
67753
67693
67676
67670
67432
67419
67406
67396
67390
67379
67375
67342
67327
67325
67321
67310
67285
67277
67276
67269
67268
67259
67254
67251
67245
67244
67243
67018
67012
66998
66867
66849
66845
66832
66807
66805
66804
66793
66790
66698
66683
66681
66661
66660
66656
66654
66651
66642
66641
66636
66624
66617
66615
66609
66606
66598
66596
66595
66592
66587
66585
66579
66578
66574
66573
66571
66565
66544
66543
66536
66535
66531
66524
66519
66512
66508
66497
66487
66486
66485
66482
66470
66468
66459
66456
66454
66451
66450
66447
66436
66430
66428
66422
66417
66413
66412
66410
66409
66399
66396
66392
66383
66379
66376
66366
66364
66353
66345
66340
66339
66328
66327
66324
66321
66320
66314
66306
66290
66278
66254
66251
66245
66233
66226
66224
66219
66216
66212
66211
66199
66185
66183
66178
66176
66168
66166
66165
66163
66154
66153
66152
66151
66146
66143
66139
66131
66128
66127
66126
66123
66120
66091
66090
66080
66075
66068
66067
66065
66064
66063
66062
66056
66055
66053
66045
66038
66034
66030
66025
66010
65988
65986
65984
65977
65971
65965
65947
65944
65936
65916
65913
65905
65893
65884
65882
65880
65870
65864
65851
65845
65839
65819
65803
65797
65791
65787
65778
65774
65764
65762
65758
65754
65749
65740
65739
65735
65725
65721
65718
65715
65711
65710
65706
65703
65702
65698
65674
65670
65665
65662
65658
65654
65651
65636
65632
65612
65596
65595
65594
65591
65586
65584
65581
65576
65569
65564
65563
65562
65558
65553
65552
65551
65548
65541
65540
65500
65490
65489
65460
65426
65410
65407
65405
65401
65392
65377
65372
65366
65362
65353
65350
65346
65333
65328
65326
65321
65318
65316
65307
65273
65271
65262
65258
65253
65250
65243
65241
65220
65217
65209
65194
65189
65184
65172
65149
65145
65143
65131
65119
65117
65116
65114
65111
65106
65081
65080
65079
65073
65063
65041
65040
65037
65035
65020
65017
65016
65015
65009
65006
65005
65001
65000
64991
64971
64962
64961
64957
64954
64952
64950
64944
64938
64934
64926
64923
64913
64907
64886
64882
64881
64879
64860
64857
64849
64845
64832
64814
64790
64787
64785
64784
64765
64754
64749
64744
64743
64738
64737
64734
64731
64729
64721
64708
64707
64689
64688
64686
64685
64684
64680
64665
64663
64645
64643
64636
64633
64625
64622
64614
64609
64608
64606
64603
64601
64582
64577
64573
64572
64571
64562
64561
64550
64549
64546
64525
64517
64516
64515
64509
64507
64499
64494
64490
64486
64483
64481
64476
64466
64460
64446
64445
64443
64441
64440
64433
64430
64426
64424
64423
64417
64405
64396
64384
64375
64374
64373
64366
64361
64359
64337
64331
64330
64327
64302
64301
64300
64295
64292
64289
64267
64266
64251
64249
64241
64231
64217
64215
64214
64211
64207
64206
64200
64198
64189
64185
64182
64180
64172
64164
64162
64158
64149
64146
64144
64124
64123
64109
64108
64092
64091
64089
64088
64087
64083
64075
64074
64072
64069
64060
64059
64047
64043
64039
64036
64021
64008
64006
64004
64003
64001
63990
63972
63966
63960
63954
63951
63948
63942
63936
63927
63886
63862
63859
63844
63843
63842
63836
63831
63826
63824
63822
63796
63793
63771
63738
63735
63721
63719
63610
63601
63556
63555
63537
63535
63530
63513
63506
63505
63500
63498
63467
63466
63465
63464
63451
63448
63442
63439
63435
63410
63397
63389
63383
63382
63375
63372
63371
63370
63369
63368
63365
63361
63357
63342
63339
63338
63337
63336
63324
63323
63318
63308
63307
63306
63305
63302
63294
63292
63291
63290
63287
63272
63267
63261
63256
63251
63248
63247
63239
63237
63234
63230
63228
63217
63213
63196
63195
63191
63186
63185
63174
63171
63170
63154
63153
63152
63147
63141
63139
63136
63134
63132
63131
63130
63128
63127
63125
63114
63102
63100
63070
63069
63067
63062
63045
63036
63029
63027
63016
63010
63009
62980
62976
62975
62974
62973
62972
62960
62945
62939
62938
62926
62919
62918
62910
62902
62901
62900
62897
62896
62888
62887
62885
62884
62878
62873
62867
62863
62848
62847
62837
62836
62835
62820
62816
62814
62812
62811
62804
62802
62795
62790
62787
62786
62785
62784
62781
62780
62777
62773
62772
62770
62759
62758
62754
62745
62742
62738
62732
62726
62722
62719
62717
62715
62713
62703
62692
62677
62667
62658
62656
62651
62650
62647
62646
62615
62612
62609
62600
62576
62573
62553
62548
62525
62515
62499
62496
62481
62475
62459
62435
62385
62358
62350
62342
62289
62263
62249
62248
62247
62246
62245
62244
62232
62228
62225
62224
62223
62222
62221
62218
62210
62202
62200
62192
62191
62190
62018
62012
61996
61988
61960
61945
61933
61927
61909
61905
61895
61892
61888
61821
61811
61809
61806
61804
61795
61794
61791
61785
61784
61783
61779
61769
61749
61741
61735
61703
61702
61696
61689
61686
61684
61672
61671
61670
61654
61650
61649
61648
61647
61643
61627
61618
61614
61612
61604
61603
61581
61524
61514
61513
61512
61511
61509
61501
61488
61478
61477
61466
61465
61462
61456
61455
61451
61438
61435
61433
61428
61421
61420
61414
61402
61383
61378
61373
61363
61353
61347
61335
61327
61326
61325
61322
61320
61317
61315
61303
61288
61282
61279
61275
61272
61255
61247
61239
61236
61227
61225
61205
61195
61163
61162
61157
61154
61144
61129
61128
61120
61117
61116
61045
61043
61042
61000
60997
60996
60986
60985
60977
60971
60964
60940
60929
60927
60919
60913
60901
60879
60875
60873
60859
60857
60843
60841
60840
60837
60836
60834
60805
60801
60798
60793
60792
60781
60780
60779
60777
60770
60762
60759
60758
60753
60740
60731
60726
60713
60712
60708
60700
60682
60661
60652
60645
60642
60633
60618
60617
60604
60588
60587
60583
60564
60562
60542
60540
60520
60514
60512
60505
60499
60476
60470
60459
60444
60439
60433
60427
60415
60399
60398
60393
60377
60373
60366
60353
60352
60344
60336
60310
60292
60276
60268
60267
60257
60256
60248
60247
60244
60243
60234
60229
60216
60208
60204
60203
60195
60191
60185
60184
60178
60157
60143
60139
60138
60135
60133
60130
60124
60117
60116
60107
60103
60101
60098
60097
60090
60078
60073
60071
60062
60055
60039
60028
60025
60024
60022
60020
60004
59993
59991
59984
59975
59974
59971
59970
59954
59947
59946
59945
59931
59930
59899
59892
59891
59890
59882
59861
59841
59822
59819
59817
59809
59800
59799
59795
59794
59792
59776
59752
59745
59713
59707
59652
59648
59602
59587
59576
59574
59557
59550
59537
59533
59532
59522
59517
59502
59474
59472
59464
59462
59456
59448
59447
59422
59420
59407
59404
59402
59390
59385
59383
59368
59357
59352
59342
59340
59339
59319
59291
59280
59269
59268
59251
59239
59230
59227
59219
59204
59197
59195
59183
59180
59175
59164
59161
59154
59147
59119
59110
59107
59100
59080
59043
59019
59004
58982
58963
58952
58950
58949
58942
58922
58907
58879
58875
58872
58870
58867
58841
58837
58836
58834
58824
58818
58811
58762
58752
58714
58687
58681
58679
58674
58661
58638
58635
58620
58614
58597
58575
58563
58557
58549
58548
58545
58541
58531
58514
58494
58432
58404
58375
58372
58350
58323
58319
58310
58296
58276
58273
58264
58260
58243
58223
58221
58177
58164
58163
58139
58131
58128
58124
58092
58060
58059
58046
58039
58038
58031
58026
58015
57998
57959
57953
57947
57945
57930
57926
57921
57916
57900
57896
57884
57875
57869
57855
57841
57783
57757
57728
57693
57690
57646
57620
57617
57605
57597
57584
57576
57569
57547
57360
57354
57325
57306
57304
57286
57245
57244
57213
57210
57140
57135
57127
57125
57116
57100
57065
57048
57037
57031
57021
56955
56904
56884
56879
56878
56863
56849
56829
56828
56822
56778
56728
56721
56650
56636
56579
56576
56557
56470
56462
56445
56423
56403
56332
56244
56218
56216
56212
56199
56189
56157
56147
56141
56126
56100
56098
56061
56046
56032
55973
55966
55957
55956
55951
55928
55888
55871
55862
55776
55772
55746
55684
55643
55634
55602
55579
55573
55569
55559
55538
55407
55394
55313
55311
55301
55283
55229
55084
55062
55052
55028
55007
54971
54933
54932
54855
54854
54851
54695
54650
54566
54441
54328
54290
54239
53951
53911
53847
53459
53383
53145
52779
52381
51542
50989
50983
50980
50956
50955
50951
50946
50920
50907
50905
50903
50895
50879
50838
50832
50806
50782
50748
50727
50717
50672
50658
50625
50624
50598
50582
50564
50558
50528
50527
50526
50522
50509
50505
50452
50408
50407
50388
50377
50347
50341
50331
50297
50273
50245
50163
50153
50130
50112
50053
50048
50020
49990
49944
49937
49929
49922
49917
49905
49892
49848
49799
49773
49739
49725
49717
49707
49654
49643
49589
49586
49584
49559
49463
49441
49423
49385
49353
49244
49236
49205
49198
49197
49185
49138
49088
49008
48990
48974
48949
48885
48872
48805
48760
48750
48709
48689
48680
48555
48501
48489
48488
48486
48440
48404
48307
48271
48253
48252
48210
48131
48077
48033
47846
47791
47671
47640
47558
47520
47212
47169
47035
46961
46956
46894
46837
46830
46816
46780
46747
46734
46657
46626
46601
46599
46583
46551
46460
46423
46416
46389
46388
46378
46345
46314
46218
46170
46149
46096
46055
45777
45728
45710
45708
45642
45633
45484
45418
45361
45297
45285
45254
45241
45176
45149
45060
44978
44875
44867
44830
44827
44643
44641
44539
44496
44435
44378
44352
44191
43974
43971
43919
43909
43847
43738
43706
43649
43580
43508
43499
43377
43338
43309
43302
43268
43226
43026
42994
42973
42957
42815
42366
42346
42207
42187
42184
42174
42107
42049
41919
41768
41470
41172
40966
40668
40619
40317
40307
40297
40128
40124
40067
40049
39989
39968
39853
39851
39776
39753
39748
39726
39684
39630
39623
39522
39479
39371
39318
39245
39216
39192
38889
38877
38861
38542
38435
37556
37227
37093
36725
36674
36506
36504
36437
35983
35522
35513
35241
35094
34912
34878
34745
34667
34568
34275
33836
33607
33276
33128
32735
31831
31565
31416
31105
30152
30137
30120
28799
26960
26043
20804
17377
14685
13551
09441
08618
06057
 

   